Following order demand cannot be delivered:

Production Plan:
Order 0 1334804571 (2,3,1232) (3,3,2400) 
Order 1 1334302471 (4,3,329) 
Order 2 1334304271 (1,0,2130) 
Order 3 1334810471 (4,3,518) 
Order 4 1331201771 (1,2,2571) 
Order 5 1334909571 (2,3,809) 
Order 6 1334302871 (4,1,2357) 
Order 8 1334305171 (4,3,400) 
Order 9 1334933571 (3,5,1037) 
Order 10 1334802671 (1,1,101) 
Order 11 1334300271 (4,3,216) 
Order 12 1334910671 (3,5,18) 
Order 13 1334801671 (1,4,80) 
Order 15 1334902271 (2,5,10) 
Order 16 1334809671 (1,4,1424) (2,4,1943) (4,4,2400) (5,4,2400) (6,4,2245) 
Order 17 1334303371 (2,1,1889) (6,1,1200) 
Order 20 1334300571 (1,3,165) 
Order 22 1334907671 (1,7,2770) (4,7,3272) (6,7,3272) 
Order 23 1334800871 (1,4,280) 
Order 24 1337200171 (1,1,420) 
Order 25 1334901971 (3,5,149) 
Order 26 1334304171 (3,0,214) 
Order 27 1334928671 (1,3,248) 
Order 28 1334922671 (3,5,8) 
Order 29 1334805471 (2,1,92) 
Order 31 1334913971 (3,5,50) 
Order 32 1334801771 (2,4,217) 
Order 33 1334304071 (2,0,2102) (3,0,1946) (4,0,2400) (6,0,2400) 
Order 34 1337200571 (1,1,352) 
Order 35 1334928571 (1,3,423) 
Order 36 1334931571 (1,5,2400) (2,5,260) 

Line Schedule:
Line 0 (1,2,2130) (2,33,2102) (3,26,214) (3,33,1946) (4,33,2400) (6,33,2400) 
Line 1 (1,10,101) (1,24,420) (1,34,352) (2,17,1889) (2,29,92) (4,6,2357) (6,17,1200) 
Line 2 (1,4,2571) 
Line 3 (1,20,165) (1,27,248) (1,35,423) (2,0,1232) (2,5,809) (3,0,2400) (4,1,329) (4,3,518) (4,8,400) (4,11,216) 
Line 4 (1,13,80) (1,16,1424) (1,23,280) (2,16,1943) (2,32,217) (4,16,2400) (5,16,2400) (6,16,2245) 
Line 5 (1,36,2400) (2,15,10) (2,36,260) (3,9,1037) (3,12,18) (3,25,149) (3,28,8) (3,31,50) 
Line 7 (1,22,2770) (4,22,3272) (6,22,3272) 

Storage Track:
Order 0 1334804571 1368 888 1400 3080 2280 1480 680 0 
Order 1 1334302471 3171 2671 2171 2171 2000 1500 1000 0 
Order 2 1334304271 -150 1421 1262 703 703 304 240 0 
Order 3 1334810471 1726 1264 880 574 702 468 234 0 
Order 4 1331201771 0 2531 2531 2531 2531 2531 2531 2501 
Order 5 1334909571 876 876 1685 1490 940 195 0 0 
Order 6 1334302871 3475 2515 1651 547 2040 1080 0 0 
Order 7 1334924771 261 261 261 261 261 261 261 261 
Order 8 1334305171 0 0 0 0 0 0 0 0 
Order 9 1334933571 1503 1503 355 1152 912 240 240 0 
Order 10 1334802671 944 695 695 625 240 240 0 0 
Order 11 1334300271 54 54 54 54 270 0 0 0 
Order 12 1334910671 152 152 152 170 170 170 0 0 
Order 13 1334801671 0 0 0 0 0 0 0 0 
Order 14 1337200371 822 822 522 522 522 522 522 522 
Order 15 1334902271 0 0 10 10 10 0 0 0 
Order 16 1334809671 2633 3217 2420 0 1120 865 1830 0 
Order 17 1334303371 1471 391 1280 480 160 0 680 0 
Order 18 1334927171 791 467 467 359 179 179 179 179 
Order 19 1334806571 1610 930 930 642 642 642 642 642 
Order 20 1334300571 165 330 330 330 330 0 0 0 
Order 21 1334920171 1482 982 982 982 482 482 482 482 
Order 22 1334907671 3285 4615 3335 1975 2831 786 2338 0 
Order 23 1334800871 0 186 186 186 186 180 0 0 
Order 24 1337200171 -120 300 300 300 0 0 0 0 
Order 25 1334901971 161 161 161 270 270 240 0 0 
Order 26 1334304171 286 286 286 500 0 0 0 0 
Order 27 1334928671 180 428 428 78 0 0 0 0 
Order 28 1334922671 76 76 76 84 0 0 0 0 
Order 29 1334805471 148 148 80 80 80 80 80 0 
Order 30 1334300371 2114 1999 1891 1516 796 796 796 796 
Order 31 1334913971 48 48 48 98 98 78 0 0 
Order 32 1334801771 283 283 500 500 0 0 0 0 
Order 33 1334304071 6932 4332 4284 4550 4510 2190 1920 0 
Order 34 1337200571 1398 1250 1000 750 500 0 0 0 
Order 35 1334928571 377 800 0 0 0 0 0 0 
Order 36 1334931571 870 2700 2400 1920 1440 960 480 0 
Order 37 1334806871 190 190 190 154 112 112 72 72 
Order 38 1334900371 0 0 0 0 0 0 0 0 
